seed jump lip(cm) ramp(m) speed  airborne(s)  landingUpY  minUpY  endUpY  offLine(m)
   0    0      165      9.5    15         1.23        0.97    1.00    1.00    0.1
   0    0      165      9.5    22         1.24        0.97    1.00    1.00    0.1
   0    0      165      9.5    26         1.27        0.98    1.00    1.00    0.2
   0    0      165      9.5    30         1.24        0.97    1.00    1.00    0.2
   0    1      135      7.5    15         0.00        1.00    0.99    1.00    0.4
   0    1      135      7.5    22         0.67        0.96    1.00    1.00    0.3
   0    1      135      7.5    26         0.53        0.91    1.00    1.00    0.2
   0    1      135      7.5    30         0.49        0.97    1.00    1.00    0.3
   1    0      135      7.5    15         1.05        0.99    1.00    1.00    0.2
   1    0      135      7.5    22         0.68        0.87    1.00    1.00    0.3
   1    0      135      7.5    26         1.22        0.98    1.00    1.00    0.1
   1    0      135      7.5    30         0.91        0.93    1.00    1.00    0.1
   2    0      130      8.0    15         0.81        0.93    1.00    1.00    0.2
   2    0      130      8.0    22         1.16        0.99    1.00    1.00    0.4
   2    0      130      8.0    26         1.12        0.98    1.00    1.00    0.4
   2    0      130      8.0    30         1.20        0.95    1.00    1.00    0.8
   2    1      140      8.0    15         2.19        0.88    1.00    1.00    0.2
   2    1      140      8.0    22         1.35        0.90    1.00    1.00    0.1
   2    1      140      8.0    26         1.38        0.99    1.00    1.00    0.1
   2    1      140      8.0    30         1.37        0.99    1.00    1.00    0.1
   3    0      150      9.0    15         0.97        0.88    1.00    1.00    0.1
   3    0      150      9.0    22         0.98        0.93    1.00    1.00    0.0
   3    0      150      9.0    26         1.15        1.00    1.00    1.00    0.7
   3    0      150      9.0    30         0.97        0.98    1.00    1.00    0.2
   4    0      180     10.0    15         1.53        0.99    1.00    1.00    0.1
   4    0      180     10.0    22         1.26        1.00    1.00    1.00    0.3
   4    0      180     10.0    26         1.25        1.00    1.00    1.00    0.3
   4    0      180     10.0    30         1.22        0.96    1.00    1.00    0.3
   4    1      145      7.5    15         0.61        1.00    1.00    1.00    0.3
   4    1      145      7.5    22         0.47        0.94    1.00    1.00    0.1
   4    1      145      7.5    26         0.36        0.97    1.00    1.00    0.1
   4    1      145      7.5    30         0.57        1.00    1.00    1.00    0.1
   5    0      190      9.5    15         1.32        0.93    1.00    1.00    0.2
   5    0      190      9.5    22         1.31        0.93    1.00    1.00    0.1
   5    0      190      9.5    26         1.32        0.94    1.00    1.00    0.1
   5    0      190      9.5    30         0.00        1.00    0.99    1.00    0.1
   5    1      135      8.5    15         0.75        0.98    1.00    1.00    0.0
   5    1      135      8.5    22         0.77        0.98    1.00    1.00    0.2
   5    1      135      8.5    26         0.65        0.99    1.00    1.00    1.4
   5    1      135      8.5    30         0.94        1.00    1.00    1.00    5.3
   6    0      135      7.0    15         1.00        1.00    1.00    1.00    0.2
   6    0      135      7.0    22         1.04        0.99    1.00    1.00    0.3
   6    0      135      7.0    26         1.83        0.99    1.00    1.00    0.0
   6    0      135      7.0    30         1.06        0.99    1.00    1.00    0.3
   6    1      175      9.0    15         1.22        1.00    1.00    1.00    0.1
   6    1      175      9.0    22         1.33        0.95    1.00    1.00    0.6
   6    1      175      9.0    26         1.32        0.99    1.00    1.00    0.7
   6    1      175      9.0    30         1.39        0.99    1.00    1.00    0.9
   7    0      175      9.5    15         1.19        0.95    1.00    1.00    0.1
   7    0      175      9.5    22         1.19        0.94    1.00    1.00    0.3
   7    0      175      9.5    26         1.36        0.98    1.00    1.00    0.6
   7    0      175      9.5    30         1.27        0.97    1.00    1.00    1.6
   7    1      145      8.5    15         1.07        0.99    1.00    1.00    0.4
   7    1      145      8.5    22         1.06        0.99    1.00    1.00    0.1
   7    1      145      8.5    26         1.07        0.99    1.00    1.00    0.1
   7    1      145      8.5    30         1.08        1.00    1.00    1.00    0.1
   8    0      155      9.5    15         0.17        1.00    1.00    1.00    0.3
   8    0      155      9.5    22         0.22        1.00    1.00    1.00    0.3
   8    0      155      9.5    26         0.23        1.00    1.00    1.00    0.2
   8    0      155      9.5    30         0.33        1.00    1.00    1.00    0.2
   8    1      120      7.0    15         0.92        0.98    1.00    1.00    0.3
   8    1      120      7.0    22         0.88        0.99    1.00    1.00    0.2
   8    1      120      7.0    26         1.27        0.99    1.00    1.00    0.2
   8    1      120      7.0    30         0.93        0.99    1.00    1.00    0.4
   9    0      140      7.0    15         0.88        1.00    1.00    1.00    0.4
   9    0      140      7.0    22         0.88        1.00    1.00    1.00    0.3
   9    0      140      7.0    26         0.85        1.00    1.00    1.00    0.5
   9    0      140      7.0    30         0.89        0.99    1.00    1.00    1.1
   9    1      130      7.5    15         1.09        1.00    1.00    1.00    0.5
   9    1      130      7.5    22         1.03        0.99    1.00    1.00    0.4
   9    1      130      7.5    26         1.05        0.99    1.00    1.00    0.3
   9    1      130      7.5    30         1.09        1.00    1.00    1.00    0.2
