seed point speed throw  minUpY  minClearance(m)
   1     0    15 straight  0.999     0.095
   1     0    15 hold      0.999     0.082
   1     0    15 flick     0.999     0.082
   1     0    25 straight  0.999     0.099
   1     0    25 hold      0.999     0.074
   1     0    25 flick     0.999     0.074
   1     0    35 straight  0.999     0.088
   1     0    35 hold      0.999     0.071
   1     0    35 flick     0.999     0.071
   1    40    15 straight  0.992     0.039
   1    40    15 hold      0.976     0.074
   1    40    15 flick     0.993     0.075
   1    40    25 straight  0.993     0.009
   1    40    25 hold      0.996     0.000
   1    40    25 flick     0.985     0.000
   1    40    35 straight  0.997     0.000
   1    40    35 hold      0.680     0.000
   1    40    35 flick     0.996    -0.000
   1   120    15 straight  0.999     0.101
   1   120    15 hold      0.995     0.085
   1   120    15 flick     0.999     0.085
   1   120    25 straight  0.999     0.096
   1   120    25 hold      0.996     0.073
   1   120    25 flick     0.999     0.073
   1   120    35 straight  0.998     0.076
   1   120    35 hold      0.998     0.072
   1   120    35 flick     0.998     0.072
   1   160    15 straight  1.000     0.091
   1   160    15 hold      0.998     0.084
   1   160    15 flick     0.998     0.085
   1   160    25 straight  1.000     0.091
   1   160    25 hold      0.998     0.080
   1   160    25 flick     0.998     0.080
   1   160    35 straight  0.999     0.090
   1   160    35 hold      0.998     0.068
   1   160    35 flick     0.998     0.068
   1   200    15 straight  0.999     0.099
   1   200    15 hold      0.999     0.083
   1   200    15 flick     0.998     0.083
   1   200    25 straight  0.996     0.093
   1   200    25 hold      0.990     0.074
   1   200    25 flick     0.996     0.074
   1   200    35 straight  0.996     0.091
   1   200    35 hold      0.992     0.067
   1   200    35 flick     0.988     0.067
   1   240    15 straight  0.999     0.096
   1   240    15 hold      0.997     0.085
   1   240    15 flick     0.999     0.085
   1   240    25 straight  0.999     0.092
   1   240    25 hold      0.999     0.077
   1   240    25 flick     0.995     0.077
   1   240    35 straight  0.980     0.098
   1   240    35 hold      0.991     0.070
   1   240    35 flick     0.979     0.070
   1   280    15 straight  0.999     0.094
   1   280    15 hold      0.999     0.080
   1   280    15 flick     0.999     0.080
   1   280    25 straight  0.997     0.041
   1   280    25 hold      0.998     0.081
   1   280    25 flick     0.997     0.078
   1   280    35 straight  0.997     0.043
   1   280    35 hold      0.998     0.052
   1   280    35 flick     0.997     0.042
   1   320    15 straight  1.000     0.100
   1   320    15 hold      0.996     0.086
   1   320    15 flick     0.999     0.086
   1   320    25 straight  1.000     0.100
   1   320    25 hold      0.994     0.078
   1   320    25 flick     0.999     0.078
   1   320    35 straight  1.000     0.101
   1   320    35 hold      0.995     0.081
   1   320    35 flick     0.999     0.081
   1   360    15 straight  0.999     0.094
   1   360    15 hold      0.998     0.078
   1   360    15 flick     0.999     0.078
   1   360    25 straight  1.000     0.093
   1   360    25 hold      0.999     0.076
   1   360    25 flick     0.999     0.076
   1   360    35 straight  1.000     0.090
   1   360    35 hold      0.999     0.072
   1   360    35 flick     0.999     0.072
   2     0    15 straight  1.000     0.093
   2     0    15 hold      0.999     0.083
   2     0    15 flick     0.999     0.083
   2     0    25 straight  1.000     0.104
   2     0    25 hold      0.996     0.081
   2     0    25 flick     0.999     0.081
   2     0    35 straight  1.000     0.105
   2     0    35 hold      0.996     0.084
   2     0    35 flick     0.999     0.084
   2    40    15 straight  0.996     0.074
   2    40    15 hold      0.992     0.073
   2    40    15 flick     0.996     0.065
   2    40    25 straight  0.997     0.031
   2    40    25 hold      0.996     0.008
   2    40    25 flick     0.997     0.022
   2    40    35 straight  0.978     0.001
   2    40    35 hold     -0.888    -0.000
   2    40    35 flick    -0.484    -0.000
   2    80    15 straight  0.999     0.092
   2    80    15 hold      0.999     0.077
   2    80    15 flick     0.999     0.077
   2    80    25 straight  0.999     0.094
   2    80    25 hold      0.997     0.074
   2    80    25 flick     0.996     0.074
   2    80    35 straight  0.997     0.097
   2    80    35 hold      0.999     0.077
   2    80    35 flick     0.998     0.001
   2   120    15 straight  0.999     0.096
   2   120    15 hold      0.999     0.082
   2   120    15 flick     0.999     0.082
   2   120    25 straight  0.993     0.093
   2   120    25 hold      0.997     0.074
   2   120    25 flick     0.996     0.074
   2   120    35 straight  0.987     0.101
   2   120    35 hold      0.989     0.078
   2   120    35 flick     0.983     0.078
   2   160    15 straight  0.999     0.103
   2   160    15 hold      0.998     0.091
   2   160    15 flick     0.999     0.091
   2   160    25 straight  0.999     0.095
   2   160    25 hold      0.999     0.097
   2   160    25 flick     0.999     0.084
   2   160    35 straight  0.999     0.085
   2   160    35 hold      0.998     0.065
   2   160    35 flick     0.999     0.076
   2   240    15 straight  0.999     0.091
   2   240    15 hold      0.998     0.080
   2   240    15 flick     0.987     0.080
   2   240    25 straight  0.996     0.085
   2   240    25 hold      0.993     0.063
   2   240    25 flick     0.992     0.063
   2   240    35 straight  0.982     0.064
   2   240    35 hold      0.975     0.047
   2   240    35 flick     0.976     0.054
   2   320    15 straight  1.000     0.098
   2   320    15 hold      0.999     0.079
   2   320    15 flick     0.999     0.079
   2   320    25 straight  1.000     0.100
   2   320    25 hold      0.996     0.085
   2   320    25 flick     0.999     0.085
   2   320    35 straight  1.000     0.098
   2   320    35 hold      0.996     0.083
   2   320    35 flick     0.999     0.083
   3     0    15 straight  0.999     0.096
   3     0    15 hold      0.998     0.079
   3     0    15 flick     0.998     0.079
   3     0    25 straight  0.999     0.090
   3     0    25 hold      0.998     0.074
   3     0    25 flick     0.998     0.074
   3     0    35 straight  0.999     0.090
   3     0    35 hold      0.998     0.065
   3     0    35 flick     0.998     0.066
   3    40    15 straight  0.998     0.091
   3    40    15 hold      0.999     0.078
   3    40    15 flick     0.998     0.078
   3    40    25 straight  0.998     0.086
   3    40    25 hold      0.998     0.068
   3    40    25 flick     0.998     0.073
   3    40    35 straight  0.998     0.062
   3    40    35 hold      0.998     0.036
   3    40    35 flick     0.992     0.039
   3   120    15 straight  0.997     0.061
   3   120    15 hold      0.999     0.084
   3   120    15 flick     0.999     0.084
   3   120    25 straight  0.997     0.046
   3   120    25 hold      0.995     0.077
   3   120    25 flick     0.997     0.054
   3   120    35 straight  0.998     0.033
   3   120    35 hold      0.998     0.010
   3   120    35 flick     0.997     0.015
   3   160    15 straight  1.000     0.098
   3   160    15 hold      0.999     0.084
   3   160    15 flick     0.999     0.084
   3   160    25 straight  0.999     0.097
   3   160    25 hold      0.998     0.077
   3   160    25 flick     0.998     0.077
   3   160    35 straight  0.998     0.097
   3   160    35 hold      0.998     0.076
   3   160    35 flick     0.998     0.076
   3   200    15 straight  0.999     0.093
   3   200    15 hold      0.999     0.082
   3   200    15 flick     0.999     0.082
   3   200    25 straight  0.999     0.092
   3   200    25 hold      0.996     0.074
   3   200    25 flick     0.994     0.074
   3   200    35 straight  0.999     0.088
   3   200    35 hold      0.979     0.068
   3   200    35 flick     0.973     0.068
   3   240    15 straight  0.999     0.094
   3   240    15 hold      0.999     0.075
   3   240    15 flick     0.999     0.075
   3   240    25 straight  0.996     0.093
   3   240    25 hold      0.995     0.070
   3   240    25 flick     0.995     0.070
   3   240    35 straight  0.971     0.092
   3   240    35 hold      0.992     0.075
   3   240    35 flick     0.991     0.075
   3   280    15 straight  1.000     0.096
   3   280    15 hold      0.999     0.084
   3   280    15 flick     0.999     0.084
   3   280    25 straight  1.000     0.100
   3   280    25 hold      0.999     0.084
   3   280    25 flick     0.999     0.084
   3   280    35 straight  1.000     0.103
   3   280    35 hold      0.998     0.084
   3   280    35 flick     0.998     0.084
   4     0    15 straight  1.000     0.098
   4     0    15 hold      0.998     0.082
   4     0    15 flick     0.998     0.082
   4     0    25 straight  0.999     0.095
   4     0    25 hold      0.998     0.080
   4     0    25 flick     0.998     0.081
   4     0    35 straight  0.999     0.091
   4     0    35 hold      0.998     0.069
   4     0    35 flick     0.998     0.069
   4    40    15 straight  0.999     0.097
   4    40    15 hold      0.998     0.079
   4    40    15 flick     0.999     0.079
   4    40    25 straight  0.998     0.098
   4    40    25 hold      0.996     0.077
   4    40    25 flick     0.997     0.077
   4    40    35 straight  0.988     0.103
   4    40    35 hold      0.992     0.080
   4    40    35 flick     0.984     0.080
   4   160    15 straight  0.999     0.097
   4   160    15 hold      0.999     0.078
   4   160    15 flick     0.999     0.078
   4   160    25 straight  0.996     0.079
   4   160    25 hold      0.998     0.073
   4   160    25 flick     0.995     0.073
   4   160    35 straight  0.986     0.062
   4   160    35 hold      0.999     0.065
   4   160    35 flick     0.981     0.065
   4   200    15 straight  0.999     0.100
   4   200    15 hold      0.999     0.083
   4   200    15 flick     0.999     0.083
   4   200    25 straight  0.999     0.098
   4   200    25 hold      0.996     0.083
   4   200    25 flick     0.999     0.083
   4   200    35 straight  0.998     0.006
   4   200    35 hold      0.999     0.077
   4   200    35 flick     0.997     0.009
   4   240    15 straight  1.000     0.090
   4   240    15 hold      0.999     0.079
   4   240    15 flick     0.997     0.079
   4   240    25 straight  0.999     0.095
   4   240    25 hold      0.997     0.079
   4   240    25 flick     0.996     0.079
   4   240    35 straight  0.997     0.092
   4   240    35 hold      0.997     0.073
   4   240    35 flick     0.996     0.073
   4   280    15 straight  0.999     0.093
   4   280    15 hold      0.998     0.076
   4   280    15 flick     0.998     0.076
   4   280    25 straight  0.999     0.098
   4   280    25 hold      0.999     0.083
   4   280    25 flick     0.999     0.083
   4   280    35 straight  1.000     0.100
   4   280    35 hold      0.999     0.090
   4   280    35 flick     0.999     0.090
   4   320    15 straight  0.999     0.093
   4   320    15 hold      0.997     0.082
   4   320    15 flick     0.999     0.082
   4   320    25 straight  0.999     0.089
   4   320    25 hold      0.998     0.078
   4   320    25 flick     0.999     0.078
   4   320    35 straight  0.999     0.093
   4   320    35 hold      0.998     0.072
   4   320    35 flick     0.999     0.072
   4   360    15 straight  0.999     0.094
   4   360    15 hold      0.997     0.102
   4   360    15 flick     0.999     0.102
   4   360    25 straight  0.999     0.079
   4   360    25 hold      0.994     0.073
   4   360    25 flick     0.999     0.060
   4   360    35 straight  0.999     0.060
   4   360    35 hold      0.994     0.035
   4   360    35 flick     0.999     0.051
   5     0    15 straight  0.999     0.096
   5     0    15 hold      0.999     0.080
   5     0    15 flick     0.999     0.080
   5     0    25 straight  0.999     0.099
   5     0    25 hold      0.997     0.075
   5     0    25 flick     0.999     0.075
   5     0    35 straight  0.999     0.091
   5     0    35 hold      0.995     0.071
   5     0    35 flick     0.999     0.071
   5    40    15 straight  0.999     0.093
   5    40    15 hold      0.999     0.075
   5    40    15 flick     0.999     0.075
   5    40    25 straight  0.999     0.096
   5    40    25 hold      0.996     0.073
   5    40    25 flick     0.998     0.073
   5    40    35 straight  0.992     0.100
   5    40    35 hold      0.993     0.075
   5    40    35 flick     0.982     0.075
   5    80    15 straight  1.000     0.097
   5    80    15 hold      0.999     0.088
   5    80    15 flick     0.999     0.088
   5    80    25 straight  1.000     0.089
   5    80    25 hold      0.998     0.105
   5    80    25 flick     0.999     0.089
   5    80    35 straight  0.999     0.082
   5    80    35 hold      0.995     0.069
   5    80    35 flick     0.999     0.074
   5   120    15 straight  0.999     0.092
   5   120    15 hold      0.996     0.082
   5   120    15 flick     0.999     0.082
   5   120    25 straight  1.000     0.097
   5   120    25 hold      0.997     0.078
   5   120    25 flick     0.999     0.078
   5   120    35 straight  1.000     0.090
   5   120    35 hold      0.998     0.078
   5   120    35 flick     0.999     0.078
   5   160    15 straight  0.999     0.091
   5   160    15 hold      0.997     0.071
   5   160    15 flick     0.998     0.071
   5   160    25 straight  0.994     0.085
   5   160    25 hold      0.993     0.063
   5   160    25 flick     0.994     0.063
   5   160    35 straight  0.999     0.077
   5   160    35 hold      0.982     0.062
   5   160    35 flick     0.983     0.062
   5   280    15 straight  0.999     0.090
   5   280    15 hold      0.998     0.072
   5   280    15 flick     0.999     0.072
   5   280    25 straight  0.999     0.088
   5   280    25 hold      0.998     0.072
   5   280    25 flick     0.999     0.073
   5   280    35 straight  1.000     0.091
   5   280    35 hold      0.998     0.074
   5   280    35 flick     0.999     0.074
   5   320    15 straight  0.999     0.092
   5   320    15 hold      0.998     0.078
   5   320    15 flick     0.999     0.078
   5   320    25 straight  0.999     0.087
   5   320    25 hold      0.984     0.067
   5   320    25 flick     0.983     0.067
   5   320    35 straight  0.999     0.081
   5   320    35 hold      0.978     0.058
   5   320    35 flick     0.979     0.064
   5   360    15 straight  1.000     0.095
   5   360    15 hold      0.998     0.078
   5   360    15 flick     0.999     0.078
   5   360    25 straight  1.000     0.086
   5   360    25 hold      0.999     0.072
   5   360    25 flick     0.999     0.072
   5   360    35 straight  0.999     0.103
   5   360    35 hold      0.999     0.082
   5   360    35 flick     0.999     0.082
   6     0    15 straight  1.000     0.096
   6     0    15 hold      0.994     0.082
   6     0    15 flick     0.999     0.082
   6     0    25 straight  1.000     0.092
   6     0    25 hold      0.994     0.081
   6     0    25 flick     0.999     0.081
   6     0    35 straight  0.999     0.100
   6     0    35 hold      0.996     0.078
   6     0    35 flick     0.999     0.078
   6    40    15 straight  0.999     0.096
   6    40    15 hold      0.999     0.081
   6    40    15 flick     0.999     0.081
   6    40    25 straight  0.993     0.092
   6    40    25 hold      0.997     0.078
   6    40    25 flick     0.996     0.078
   6    40    35 straight  0.978     0.100
   6    40    35 hold      0.993     0.074
   6    40    35 flick     0.988     0.075
   6    80    15 straight  0.999     0.093
   6    80    15 hold      0.999     0.082
   6    80    15 flick     0.999     0.082
   6    80    25 straight  0.997     0.090
   6    80    25 hold      0.997     0.072
   6    80    25 flick     0.994     0.072
   6    80    35 straight  0.988     0.069
   6    80    35 hold      0.988     0.056
   6    80    35 flick     0.989     0.056
   6   160    15 straight  0.995     0.065
   6   160    15 hold      0.992     0.066
   6   160    15 flick     0.996     0.057
   6   160    25 straight  0.996     0.013
   6   160    25 hold      0.997     0.002
   6   160    25 flick     0.996     0.003
   6   160    35 straight  0.981     0.001
   6   160    35 hold      0.995     0.002
   6   160    35 flick     0.995     0.002
   6   240    15 straight  0.998     0.086
   6   240    15 hold      0.998     0.070
   6   240    15 flick     0.998     0.070
   6   240    25 straight  0.998     0.076
   6   240    25 hold      0.998     0.048
   6   240    25 flick     0.998     0.048
   6   240    35 straight  0.999     0.069
   6   240    35 hold      0.997     0.046
   6   240    35 flick     0.998     0.046
   6   280    15 straight  1.000     0.094
   6   280    15 hold      0.999     0.084
   6   280    15 flick     0.997     0.084
   6   280    25 straight  0.999     0.095
   6   280    25 hold      0.997     0.077
   6   280    25 flick     0.996     0.077
   6   280    35 straight  0.999     0.087
   6   280    35 hold      0.999     0.074
   6   280    35 flick     0.999     0.074
   6   320    15 straight  0.999     0.097
   6   320    15 hold      0.999     0.085
   6   320    15 flick     0.998     0.087
   6   320    25 straight  0.999     0.091
   6   320    25 hold      0.997     0.070
   6   320    25 flick     0.997     0.071
   6   320    35 straight  0.999     0.079
   6   320    35 hold      0.978     0.057
   6   320    35 flick     0.998     0.057
   6   360    15 straight  1.000     0.095
   6   360    15 hold      0.994     0.085
   6   360    15 flick     0.999     0.085
   6   360    25 straight  1.000     0.094
   6   360    25 hold      0.995     0.078
   6   360    25 flick     0.999     0.078
   6   360    35 straight  1.000     0.103
   6   360    35 hold      0.995     0.083
   6   360    35 flick     0.999     0.083
