seed jump lip(cm) ramp(m) speed  airborne(s)  landingUpY  minUpY  endUpY
   0    0       60     11.5    15         0.51        1.00    1.00    1.00
   0    0       60     11.5    22         0.48        1.00    1.00    1.00
   0    1       35     12.0    15         0.26        1.00    1.00    1.00
   0    1       35     12.0    22         0.26        1.00    1.00    1.00
   1    0       45      9.0    15         0.33        1.00    1.00    1.00
   1    0       45      9.0    22         0.33        1.00    1.00    1.00
   2    0       60     12.0    15         0.45        1.00    1.00    1.00
   2    0       60     12.0    22         0.44        1.00    1.00    1.00
   2    1       40      9.0    15         0.35        1.00    1.00    1.00
   2    1       40      9.0    22         0.38        1.00    1.00    1.00
   3    0       40      9.5    15         0.36        1.00    1.00    1.00
   3    0       40      9.5    22         0.35        1.00    1.00    1.00
   4    0       60      8.5    15         0.33        1.00    1.00    1.00
   4    0       60      8.5    22         0.36        1.00    1.00    1.00
   4    1       40      9.0    15         0.38        1.00    1.00    1.00
   4    1       40      9.0    22         0.39        1.00    1.00    1.00
   5    0       45      8.5    15         0.28        1.00    1.00    1.00
   5    0       45      8.5    22         0.27        1.00    1.00    1.00
   5    1       45      9.5    15         0.42        1.00    1.00    1.00
   5    1       45      9.5    22         0.42        1.00    1.00    1.00
   6    0       35     10.5    15         0.33        1.00    1.00    1.00
   6    0       35     10.5    22         0.34        1.00    1.00    1.00
   6    1       30     10.5    15         0.26        1.00    1.00    1.00
   6    1       30     10.5    22         0.25        1.00    1.00    1.00
   7    0       40     10.0    15         0.27        1.00    1.00    1.00
   7    0       40     10.0    22         0.27        1.00    1.00    1.00
   7    1       30      9.0    15         0.32        1.00    1.00    1.00
   7    1       30      9.0    22         0.30        1.00    1.00    1.00
   8    0       45     10.5    15         0.53        1.00    1.00    1.00
   8    0       45     10.5    22         0.56        1.00    1.00    1.00
   8    1       40      8.5    15         0.33        1.00    1.00    1.00
   8    1       40      8.5    22         0.30        1.00    1.00    1.00
   9    0       50      9.5    15         0.26        1.00    1.00    1.00
   9    0       50      9.5    22         0.26        1.00    1.00    1.00
   9    1       50     10.0    15         0.39        1.00    1.00    1.00
   9    1       50     10.0    22         0.39        1.00    1.00    1.00
