seed point speed throw  minUpY  minClearance(m)
   1     0    15 straight  0.999     0.223
   1     0    15 hold      0.999     0.208
   1     0    15 flick     0.999     0.214
   1     0    25 straight  0.999     0.220
   1     0    25 hold      0.999     0.208
   1     0    25 flick     0.999     0.213
   1     0    35 straight  0.998     0.217
   1     0    35 hold      0.998     0.199
   1     0    35 flick     0.998     0.204
   1    40    15 straight  0.990     0.126
   1    40    15 hold      0.985     0.211
   1    40    15 flick     0.991     0.197
   1    40    25 straight  0.992     0.116
   1    40    25 hold      0.995     0.110
   1    40    25 flick     0.992     0.104
   1    40    35 straight  0.992     0.105
   1    40    35 hold      0.993     0.044
   1    40    35 flick     0.966     0.060
   1   120    15 straight  0.999     0.222
   1   120    15 hold      0.997     0.212
   1   120    15 flick     0.999     0.217
   1   120    25 straight  0.999     0.222
   1   120    25 hold      0.996     0.209
   1   120    25 flick     0.999     0.213
   1   120    35 straight  0.997     0.187
   1   120    35 hold      0.998     0.202
   1   120    35 flick     0.998     0.207
   1   160    15 straight  1.000     0.222
   1   160    15 hold      0.998     0.211
   1   160    15 flick     0.999     0.215
   1   160    25 straight  0.999     0.219
   1   160    25 hold      0.998     0.209
   1   160    25 flick     0.999     0.216
   1   160    35 straight  0.999     0.217
   1   160    35 hold      0.998     0.204
   1   160    35 flick     0.998     0.211
   1   200    15 straight  0.998     0.222
   1   200    15 hold      0.991     0.207
   1   200    15 flick     0.998     0.209
   1   200    25 straight  0.995     0.218
   1   200    25 hold      0.998     0.200
   1   200    25 flick     0.996     0.202
   1   200    35 straight  0.993     0.216
   1   200    35 hold      0.996     0.151
   1   200    35 flick     0.996     0.199
   1   240    15 straight  0.998     0.218
   1   240    15 hold      0.998     0.209
   1   240    15 flick     0.999     0.213
   1   240    25 straight  0.998     0.216
   1   240    25 hold      0.997     0.172
   1   240    25 flick     0.998     0.209
   1   240    35 straight  0.993     0.213
   1   240    35 hold      0.990     0.201
   1   240    35 flick     0.994     0.205
   1   280    15 straight  0.998     0.206
   1   280    15 hold      0.999     0.211
   1   280    15 flick     0.998     0.217
   1   280    25 straight  0.996     0.150
   1   280    25 hold      0.998     0.207
   1   280    25 flick     0.995     0.186
   1   280    35 straight  0.996     0.149
   1   280    35 hold      0.997     0.174
   1   280    35 flick     0.996     0.148
   1   320    15 straight  0.999     0.224
   1   320    15 hold      0.997     0.214
   1   320    15 flick     0.999     0.218
   1   320    25 straight  1.000     0.223
   1   320    25 hold      0.995     0.211
   1   320    25 flick     0.999     0.217
   1   320    35 straight  1.000     0.219
   1   320    35 hold      0.996     0.210
   1   320    35 flick     0.999     0.213
   1   360    15 straight  0.999     0.223
   1   360    15 hold      0.998     0.206
   1   360    15 flick     0.998     0.218
   1   360    25 straight  0.999     0.222
   1   360    25 hold      0.998     0.206
   1   360    25 flick     0.998     0.207
   1   360    35 straight  0.999     0.225
   1   360    35 hold      0.999     0.218
   1   360    35 flick     0.999     0.218
   2     0    15 straight  1.000     0.224
   2     0    15 hold      0.998     0.214
   2     0    15 flick     0.999     0.219
   2     0    25 straight  0.999     0.223
   2     0    25 hold      0.995     0.211
   2     0    25 flick     0.999     0.218
   2     0    35 straight  0.999     0.217
   2     0    35 hold      0.995     0.213
   2     0    35 flick     0.999     0.214
   2    40    15 straight  0.995     0.170
   2    40    15 hold      0.993     0.187
   2    40    15 flick     0.995     0.166
   2    40    25 straight  0.995     0.145
   2    40    25 hold      0.995     0.133
   2    40    25 flick     0.996     0.149
   2    40    35 straight  0.997     0.130
   2    40    35 hold      0.997     0.104
   2    40    35 flick     0.997     0.104
   2    80    15 straight  0.999     0.220
   2    80    15 hold      0.998     0.200
   2    80    15 flick     0.999     0.214
   2    80    25 straight  0.995     0.219
   2    80    25 hold      0.998     0.205
   2    80    25 flick     0.996     0.208
   2    80    35 straight  0.989     0.218
   2    80    35 hold      0.991     0.197
   2    80    35 flick     0.993     0.188
   2   120    15 straight  0.998     0.220
   2   120    15 hold      0.998     0.197
   2   120    15 flick     0.998     0.214
   2   120    25 straight  0.994     0.219
   2   120    25 hold      0.998     0.207
   2   120    25 flick     0.994     0.211
   2   120    35 straight  0.985     0.218
   2   120    35 hold      0.992     0.202
   2   120    35 flick     0.990     0.142
   2   160    15 straight  0.999     0.210
   2   160    15 hold      0.997     0.218
   2   160    15 flick     0.999     0.223
   2   160    25 straight  0.999     0.202
   2   160    25 hold      0.998     0.208
   2   160    25 flick     0.999     0.194
   2   160    35 straight  0.999     0.194
   2   160    35 hold      0.994     0.175
   2   160    35 flick     0.999     0.186
   2   240    15 straight  0.998     0.202
   2   240    15 hold      0.998     0.209
   2   240    15 flick     0.985     0.212
   2   240    25 straight  0.997     0.178
   2   240    25 hold      0.995     0.185
   2   240    25 flick     0.995     0.194
   2   240    35 straight  0.985     0.091
   2   240    35 hold      0.974     0.068
   2   240    35 flick     0.975     0.068
   2   320    15 straight  1.000     0.226
   2   320    15 hold      0.998     0.213
   2   320    15 flick     0.999     0.218
   2   320    25 straight  0.999     0.223
   2   320    25 hold      0.995     0.211
   2   320    25 flick     0.999     0.217
   2   320    35 straight  0.999     0.217
   2   320    35 hold      0.995     0.211
   2   320    35 flick     0.999     0.213
   3     0    15 straight  0.999     0.222
   3     0    15 hold      0.999     0.210
   3     0    15 flick     0.999     0.214
   3     0    25 straight  0.999     0.219
   3     0    25 hold      0.999     0.204
   3     0    25 flick     0.999     0.205
   3     0    35 straight  0.999     0.215
   3     0    35 hold      0.999     0.196
   3     0    35 flick     0.999     0.200
   3    40    15 straight  0.997     0.209
   3    40    15 hold      0.999     0.209
   3    40    15 flick     0.997     0.206
   3    40    25 straight  0.997     0.198
   3    40    25 hold      0.997     0.181
   3    40    25 flick     0.997     0.199
   3    40    35 straight  0.998     0.184
   3    40    35 hold      0.997     0.160
   3    40    35 flick     0.998     0.165
   3   120    15 straight  0.996     0.162
   3   120    15 hold      0.999     0.211
   3   120    15 flick     0.998     0.220
   3   120    25 straight  0.996     0.146
   3   120    25 hold      0.996     0.209
   3   120    25 flick     0.996     0.144
   3   120    35 straight  0.996     0.136
   3   120    35 hold      0.997     0.122
   3   120    35 flick     0.996     0.121
   3   160    15 straight  0.999     0.223
   3   160    15 hold      0.999     0.211
   3   160    15 flick     0.999     0.218
   3   160    25 straight  0.999     0.219
   3   160    25 hold      0.999     0.206
   3   160    25 flick     0.999     0.214
   3   160    35 straight  0.998     0.210
   3   160    35 hold      0.999     0.203
   3   160    35 flick     0.998     0.205
   3   200    15 straight  0.998     0.220
   3   200    15 hold      0.993     0.208
   3   200    15 flick     0.999     0.209
   3   200    25 straight  0.995     0.218
   3   200    25 hold      0.997     0.169
   3   200    25 flick     0.998     0.212
   3   200    35 straight  0.985     0.214
   3   200    35 hold      0.983     0.088
   3   200    35 flick     0.981     0.138
   3   240    15 straight  0.999     0.222
   3   240    15 hold      0.998     0.200
   3   240    15 flick     0.998     0.213
   3   240    25 straight  0.995     0.221
   3   240    25 hold      0.998     0.202
   3   240    25 flick     0.996     0.211
   3   240    35 straight  0.984     0.219
   3   240    35 hold      0.998     0.208
   3   240    35 flick     0.993     0.186
   3   280    15 straight  1.000     0.226
   3   280    15 hold      0.999     0.214
   3   280    15 flick     0.999     0.217
   3   280    25 straight  1.000     0.222
   3   280    25 hold      0.999     0.212
   3   280    25 flick     0.999     0.218
   3   280    35 straight  0.999     0.216
   3   280    35 hold      0.998     0.212
   3   280    35 flick     0.999     0.214
   4     0    15 straight  0.999     0.224
   4     0    15 hold      0.999     0.212
   4     0    15 flick     0.999     0.217
   4     0    25 straight  0.999     0.221
   4     0    25 hold      0.999     0.208
   4     0    25 flick     0.999     0.214
   4     0    35 straight  0.999     0.218
   4     0    35 hold      0.998     0.201
   4     0    35 flick     0.999     0.207
   4    40    15 straight  0.999     0.226
   4    40    15 hold      0.998     0.211
   4    40    15 flick     0.999     0.216
   4    40    25 straight  0.999     0.216
   4    40    25 hold      0.997     0.210
   4    40    25 flick     0.999     0.212
   4    40    35 straight  0.994     0.183
   4    40    35 hold      0.990     0.208
   4    40    35 flick     0.984     0.211
   4   160    15 straight  0.999     0.223
   4   160    15 hold      0.998     0.201
   4   160    15 flick     0.998     0.210
   4   160    25 straight  0.980     0.219
   4   160    25 hold      0.997     0.190
   4   160    25 flick     0.996     0.206
   4   160    35 straight  0.994     0.050
   4   160    35 hold      0.993     0.179
   4   160    35 flick     0.991     0.146
   4   200    15 straight  0.999     0.223
   4   200    15 hold      0.999     0.211
   4   200    15 flick     0.998     0.219
   4   200    25 straight  0.999     0.221
   4   200    25 hold      0.999     0.203
   4   200    25 flick     0.999     0.212
   4   200    35 straight  0.996     0.148
   4   200    35 hold      0.998     0.200
   4   200    35 flick     0.996     0.148
   4   240    15 straight  0.999     0.223
   4   240    15 hold      0.998     0.206
   4   240    15 flick     0.998     0.210
   4   240    25 straight  0.999     0.223
   4   240    25 hold      0.997     0.211
   4   240    25 flick     0.996     0.212
   4   240    35 straight  0.997     0.222
   4   240    35 hold      0.997     0.206
   4   240    35 flick     0.996     0.206
   4   280    15 straight  0.999     0.224
   4   280    15 hold      0.998     0.213
   4   280    15 flick     0.998     0.214
   4   280    25 straight  0.999     0.221
   4   280    25 hold      0.998     0.215
   4   280    25 flick     0.998     0.217
   4   280    35 straight  0.999     0.218
   4   280    35 hold      0.998     0.227
   4   280    35 flick     0.999     0.228
   4   320    15 straight  0.998     0.223
   4   320    15 hold      0.998     0.209
   4   320    15 flick     0.998     0.212
   4   320    25 straight  0.998     0.222
   4   320    25 hold      0.998     0.207
   4   320    25 flick     0.998     0.209
   4   320    35 straight  0.998     0.223
   4   320    35 hold      0.998     0.203
   4   320    35 flick     0.998     0.206
   4   360    15 straight  0.999     0.197
   4   360    15 hold      0.998     0.228
   4   360    15 flick     0.999     0.200
   4   360    25 straight  0.999     0.184
   4   360    25 hold      0.996     0.181
   4   360    25 flick     0.999     0.168
   4   360    35 straight  0.999     0.174
   4   360    35 hold      0.995     0.146
   4   360    35 flick     0.999     0.157
   5     0    15 straight  0.999     0.223
   5     0    15 hold      0.999     0.209
   5     0    15 flick     0.999     0.214
   5     0    25 straight  0.999     0.223
   5     0    25 hold      0.996     0.206
   5     0    25 flick     0.999     0.209
   5     0    35 straight  0.999     0.221
   5     0    35 hold      0.995     0.205
   5     0    35 flick     0.997     0.210
   5    40    15 straight  0.999     0.223
   5    40    15 hold      0.999     0.211
   5    40    15 flick     0.999     0.214
   5    40    25 straight  0.998     0.222
   5    40    25 hold      0.997     0.204
   5    40    25 flick     0.998     0.206
   5    40    35 straight  0.992     0.218
   5    40    35 hold      0.991     0.196
   5    40    35 flick     0.994     0.202
   5    80    15 straight  1.000     0.207
   5    80    15 hold      0.999     0.219
   5    80    15 flick     0.999     0.226
   5    80    25 straight  0.999     0.199
   5    80    25 hold      0.999     0.222
   5    80    25 flick     0.999     0.198
   5    80    35 straight  0.999     0.194
   5    80    35 hold      0.996     0.180
   5    80    35 flick     0.999     0.184
   5   120    15 straight  0.999     0.225
   5   120    15 hold      0.997     0.217
   5   120    15 flick     0.999     0.220
   5   120    25 straight  0.999     0.226
   5   120    25 hold      0.998     0.212
   5   120    25 flick     0.999     0.213
   5   120    35 straight  0.999     0.226
   5   120    35 hold      0.998     0.218
   5   120    35 flick     0.999     0.220
   5   160    15 straight  0.998     0.216
   5   160    15 hold      0.997     0.207
   5   160    15 flick     0.998     0.210
   5   160    25 straight  0.998     0.213
   5   160    25 hold      0.994     0.178
   5   160    25 flick     0.994     0.191
   5   160    35 straight  0.998     0.228
   5   160    35 hold      0.992     0.142
   5   160    35 flick     0.993     0.159
   5   280    15 straight  0.999     0.220
   5   280    15 hold      0.998     0.209
   5   280    15 flick     0.998     0.210
   5   280    25 straight  0.999     0.221
   5   280    25 hold      0.998     0.206
   5   280    25 flick     0.998     0.206
   5   280    35 straight  0.999     0.219
   5   280    35 hold      0.998     0.217
   5   280    35 flick     0.999     0.217
   5   320    15 straight  0.999     0.218
   5   320    15 hold      0.998     0.209
   5   320    15 flick     0.998     0.212
   5   320    25 straight  0.998     0.215
   5   320    25 hold      0.995     0.190
   5   320    25 flick     0.995     0.195
   5   320    35 straight  0.998     0.229
   5   320    35 hold      0.980     0.084
   5   320    35 flick     0.980     0.081
   5   360    15 straight  0.999     0.221
   5   360    15 hold      0.998     0.212
   5   360    15 flick     0.999     0.214
   5   360    25 straight  0.999     0.218
   5   360    25 hold      0.999     0.215
   5   360    25 flick     0.999     0.215
   5   360    35 straight  0.999     0.216
   5   360    35 hold      0.999     0.226
   5   360    35 flick     0.999     0.226
   6     0    15 straight  0.999     0.225
   6     0    15 hold      0.994     0.210
   6     0    15 flick     0.999     0.217
   6     0    25 straight  0.999     0.225
   6     0    25 hold      0.994     0.212
   6     0    25 flick     0.999     0.217
   6     0    35 straight  0.999     0.224
   6     0    35 hold      0.996     0.208
   6     0    35 flick     0.999     0.210
   6    40    15 straight  0.998     0.222
   6    40    15 hold      0.998     0.210
   6    40    15 flick     0.998     0.217
   6    40    25 straight  0.998     0.219
   6    40    25 hold      0.998     0.204
   6    40    25 flick     0.995     0.211
   6    40    35 straight  0.998     0.218
   6    40    35 hold      0.992     0.198
   6    40    35 flick     0.994     0.201
   6    80    15 straight  0.998     0.215
   6    80    15 hold      0.998     0.199
   6    80    15 flick     0.999     0.213
   6    80    25 straight  0.998     0.209
   6    80    25 hold      0.997     0.177
   6    80    25 flick     0.999     0.205
   6    80    35 straight  0.995     0.160
   6    80    35 hold      0.995     0.147
   6    80    35 flick     0.995     0.156
   6   160    15 straight  0.994     0.165
   6   160    15 hold      0.994     0.182
   6   160    15 flick     0.994     0.156
   6   160    25 straight  0.994     0.129
   6   160    25 hold      0.995     0.110
   6   160    25 flick     0.995     0.134
   6   160    35 straight  0.997     0.106
   6   160    35 hold      0.996     0.066
   6   160    35 flick     0.996     0.067
   6   240    15 straight  0.997     0.212
   6   240    15 hold      0.997     0.201
   6   240    15 flick     0.997     0.202
   6   240    25 straight  0.997     0.193
   6   240    25 hold      0.997     0.197
   6   240    25 flick     0.997     0.197
   6   240    35 straight  0.998     0.184
   6   240    35 hold      0.997     0.192
   6   240    35 flick     0.998     0.192
   6   280    15 straight  0.999     0.224
   6   280    15 hold      0.998     0.209
   6   280    15 flick     0.998     0.213
   6   280    25 straight  0.998     0.201
   6   280    25 hold      0.997     0.210
   6   280    25 flick     0.997     0.211
   6   280    35 straight  0.998     0.194
   6   280    35 hold      0.998     0.225
   6   280    35 flick     0.999     0.213
   6   320    15 straight  0.998     0.218
   6   320    15 hold      0.998     0.199
   6   320    15 flick     0.999     0.212
   6   320    25 straight  0.998     0.214
   6   320    25 hold      0.996     0.170
   6   320    25 flick     0.998     0.202
   6   320    35 straight  0.990     0.210
   6   320    35 hold      0.997     0.194
   6   320    35 flick     0.997     0.195
   6   360    15 straight  0.999     0.224
   6   360    15 hold      0.994     0.211
   6   360    15 flick     0.999     0.218
   6   360    25 straight  0.999     0.225
   6   360    25 hold      0.993     0.208
   6   360    25 flick     0.999     0.209
   6   360    35 straight  0.999     0.224
   6   360    35 hold      0.995     0.209
   6   360    35 flick     0.999     0.211
